SNP_id beta_A se_A pval_A beta_B se_B pval_B beta_C se_C pval_C beta_D se_D pval_D
SNP1 -0.0243216 0.00316404 1.50759e-14 -0.00201304 0.00316404 0.52463 -0.0011788 0.00316404 0.709475 -0.171129 0.0200112 1.21314e-17
SNP2 0.0182152 0.00330507 3.56214e-08 0.00653018 0.00330507 0.0481764 0.000102659 0.00330507 0.975221 0.160111 0.0209031 1.86353e-14
SNP3 0.0273488 0.00316471 5.53357e-18 -0.000453331 0.00316471 0.886096 -0.00028112 0.00316471 0.929217 0.18787 0.0200154 6.21539e-21
SNP4 -0.0341313 0.00317123 5.15776e-27 -0.00208013 0.00317123 0.511864 -0.00197748 0.00317123 0.532911 -0.220825 0.0200566 3.41573e-28
SNP5 -0.0338835 0.00330637 1.20865e-24 0.00755751 0.00330637 0.0222692 -0.00289967 0.00330637 0.380489 -0.229691 0.0209113 4.55991e-28
SNP6 0.0371965 0.00316279 6.2262e-32 0.00166375 0.00316279 0.598862 -0.00473253 0.00316279 0.134572 0.264148 0.0200033 8.18242e-40
SNP7 0.0361493 0.00354162 1.84482e-24 0.00161405 0.00354162 0.648578 -0.000865055 0.00354162 0.807034 0.206394 0.0223991 3.13065e-20
SNP8 0.0282954 0.00339465 7.73035e-17 0.00816312 0.00339465 0.0161855 -0.00459546 0.00339465 0.175821 0.22508 0.0214696 1.02711e-25
SNP9 -0.0129804 0.00316635 4.14071e-05 -0.00629291 0.00316635 0.0468746 -0.000389847 0.00316635 0.902011 -0.0907944 0.0200258 5.79116e-06
SNP10 -0.02989 0.00330824 1.63974e-19 0.000535271 0.00330824 0.871464 0.00527874 0.00330824 0.11057 -0.216954 0.0209232 3.42764e-25
SNP11 0.00811964 0.00340983 0.0172543 0.00346287 0.00340983 0.309841 -0.00593007 0.00340983 0.0820153 0.113234 0.0215657 1.51564e-07
SNP12 -0.0394364 0.00327248 1.91852e-33 0.00158656 0.00327248 0.627806 -0.0010089 0.00327248 0.757856 -0.210061 0.020697 3.33576e-24
SNP13 0.0389606 0.00346472 2.45232e-29 -0.00215876 0.00346472 0.533239 0.0045759 0.00346472 0.186597 0.243011 0.0219128 1.40415e-28
SNP14 0.0409185 0.00316483 3.08271e-38 -0.00203515 0.00316483 0.52019 0.00368933 0.00316483 0.243724 0.251351 0.0200161 3.61944e-36
SNP15 -0.017694 0.00317751 2.56943e-08 0.00152139 0.00317751 0.632082 0.00127649 0.00317751 0.687885 -0.0946251 0.0200963 2.49458e-06
SNP16 -0.00275089 0.00316506 0.384769 -0.0253333 0.00316506 1.20401e-15 -0.00156749 0.00316506 0.620425 -0.011964 0.0200176 0.550057
SNP17 0.00174138 0.00316322 0.581972 0.0228289 0.00316322 5.31632e-13 0.00231911 0.00316322 0.463468 0.00301558 0.020006 0.880186
SNP18 -0.00564553 0.00320335 0.0780042 0.0210319 0.00320335 5.18217e-11 -0.00107025 0.00320335 0.738302 -0.0122145 0.0202598 0.546578
SNP19 0.00150165 0.00316585 0.635266 -0.0221447 0.00316585 2.65508e-12 0.00336332 0.00316585 0.288065 0.0292172 0.0200226 0.144507
SNP20 0.00302543 0.00323806 0.350131 -0.0278295 0.00323806 8.3634e-18 -0.00161073 0.00323806 0.618882 0.0268303 0.0204793 0.190156
SNP21 0.00410593 0.00317943 0.196564 -0.0288288 0.00317943 1.22038e-19 0.00343207 0.00317943 0.280383 -0.0271702 0.0201085 0.176638
SNP22 -0.001184 0.00382323 0.756799 0.012955 0.00382323 0.000702788 -0.00345289 0.00382323 0.366454 -0.0201719 0.0241802 0.40415
SNP23 0.00237095 0.00319869 0.458557 0.042047 0.00319869 1.81675e-39 -0.000678351 0.00319869 0.832052 0.0217531 0.0202303 0.282252
SNP24 0.00777676 0.00349056 0.0258846 0.025644 0.00349056 2.03226e-13 -0.00161045 0.00349056 0.644531 -0.00363327 0.0220763 0.869276
SNP25 -0.00428211 0.0042356 0.312026 0.0239782 0.0042356 1.50403e-08 0.0027068 0.0042356 0.522784 0.00297233 0.0267883 0.911651
SNP26 -0.000906801 0.00325165 0.780341 -0.00898071 0.00325165 0.00574671 0.00346331 0.00325165 0.286834 -0.0162495 0.0205652 0.429443
SNP27 0.00387437 0.00342443 0.257891 -0.0560955 0.00342443 2.6165e-60 -0.00131223 0.00342443 0.701573 0.0327888 0.021658 0.130043
SNP28 -0.00113678 0.0031678 0.719704 0.0197649 0.0031678 4.39492e-10 -0.00283126 0.0031678 0.37145 0.0373694 0.0200349 0.0621516
SNP29 -0.000615789 0.00341592 0.85694 -0.0296536 0.00341592 3.92351e-18 -0.00226825 0.00341592 0.506676 0.00865966 0.0216042 0.688543
SNP30 0.00344034 0.00316634 0.277242 0.0335947 0.00316634 2.67882e-26 0.00592702 0.00316634 0.061223 0.0138745 0.0200257 0.488415
SNP31 -0.00158426 0.00341139 0.642359 0.00293191 0.00341139 0.390094 0.034337 0.00341139 7.85653e-24 -0.20242 0.0215755 6.47704e-21
SNP32 0.00208189 0.00316892 0.511199 -0.00154288 0.00316892 0.626345 -0.00758116 0.00316892 0.0167411 0.0365446 0.020042 0.0682434
SNP33 -0.00199454 0.00349552 0.568271 -0.00074451 0.00349552 0.831335 0.0306659 0.00349552 1.74093e-18 -0.139209 0.0221076 3.03714e-10
SNP34 -0.00568627 0.00390784 0.145644 0.00463837 0.00390784 0.235252 -0.0422793 0.00390784 2.79538e-27 0.218389 0.0247154 9.9077e-19
SNP35 -0.00500805 0.00317535 0.114757 0.00699899 0.00317535 0.0275127 -0.0277865 0.00317535 2.12012e-18 0.137738 0.0200827 6.95539e-12
SNP36 -0.00177756 0.0032758 0.587381 0.00119055 0.0032758 0.716277 0.0299423 0.0032758 6.21781e-20 -0.156537 0.020718 4.16852e-14
SNP37 0.00269499 0.00332281 0.417332 -0.0042029 0.00332281 0.20592 -0.0236518 0.00332281 1.09489e-12 0.139877 0.0210153 2.81476e-11
SNP38 -0.00396489 0.00357056 0.26681 0.00334534 0.00357056 0.348798 -0.0265428 0.00357056 1.05537e-13 0.0940341 0.0225822 3.12608e-05
SNP39 0.00417848 0.00320776 0.192706 -0.00206992 0.00320776 0.518742 -0.0162992 0.00320776 3.75091e-07 0.158047 0.0202877 6.68557e-15
SNP40 -0.00132878 0.0033646 0.692896 0.00187352 0.0033646 0.577641 -0.0441481 0.0033646 2.48381e-39 0.236833 0.0212796 9.00483e-29
SNP41 -0.000873311 0.00317917 0.783549 -0.00232637 0.00317917 0.46432 0.0282646 0.00317917 6.0809e-19 -0.168089 0.0201069 6.28334e-17
SNP42 -0.00355121 0.00331798 0.284487 0.00340217 0.00331798 0.305187 0.031914 0.00331798 6.67832e-22 -0.166204 0.0209847 2.3707e-15
SNP43 -0.00365995 0.00324005 0.258646 0.00305672 0.00324005 0.345467 -0.0440928 0.00324005 3.55669e-42 0.196225 0.0204919 1.011e-21
SNP44 -0.00452187 0.00373119 0.225546 0.00586293 0.00373119 0.116106 0.0214361 0.00373119 9.1859e-09 -0.108136 0.0235981 4.59642e-06
SNP45 -3.75472e-05 0.0031886 0.990605 -0.00110397 0.0031886 0.729174 0.0299555 0.0031886 5.74405e-21 -0.144977 0.0201664 6.52645e-13
SNP46 0.0297235 0.0035107 2.52738e-17 -0.0252568 0.0035107 6.28128e-13 0.00475146 0.0035107 0.17592 0.180869 0.0222036 3.76315e-16
SNP47 -0.012401 0.00342652 0.000295586 0.0319313 0.00342652 1.1759e-20 -0.037496 0.00342652 7.18736e-28 0.0774612 0.0216712 0.000351056
SNP48 -0.0440048 0.0032783 4.42951e-41 0.0402521 0.0032783 1.18357e-34 -0.0230222 0.0032783 2.17741e-12 -0.195465 0.0207338 4.20479e-21
SNP49 -0.0493423 0.00319441 7.97009e-54 0.0436352 0.00319441 1.76283e-42 -0.0293221 0.00319441 4.34371e-20 -0.0730427 0.0202032 0.000299883
SNP50 -0.0365964 0.00317215 8.61023e-31 0.0350414 0.00317215 2.2777e-28 -0.0304079 0.00317215 9.16579e-22 -0.072266 0.0200625 0.000315715
SNP51 0.0278839 0.00343365 4.63229e-16 -0.0255099 0.00343365 1.09112e-13 0.0222453 0.00343365 9.25792e-11 0.102274 0.0217163 2.483e-06
SNP52 -0.0491013 0.00351464 2.35913e-44 0.0313187 0.00351464 5.05974e-19 -0.0493846 0.00351464 7.58337e-45 -0.0721675 0.0222285 0.00116785
SNP53 0.0208773 0.00321888 8.82046e-11 -0.0205724 0.00321888 1.64612e-10 0.026753 0.00321888 9.46701e-17 -0.0087656 0.020358 0.666778
SNP54 0.0408668 0.00353868 7.50191e-31 -0.0495913 0.00353868 1.27841e-44 0.0389967 0.00353868 3.05582e-28 0.112663 0.0223805 4.80371e-07
SNP55 0.0332071 0.00336388 5.52453e-23 -0.0415341 0.00336388 5.05193e-35 0.0367879 0.00336388 7.74128e-28 0.0258066 0.0212751 0.225131
SNP56 0.0251034 0.00316733 2.26776e-15 -0.0247967 0.00316733 4.92194e-15 0.0223535 0.00316733 1.69485e-12 0.0159394 0.0200319 0.426208
SNP57 0.0243452 0.00356139 8.15102e-12 -0.0246362 0.00356139 4.59378e-12 0.0268999 0.00356139 4.24701e-14 0.06805 0.0225242 0.00251777
SNP58 -0.0391211 0.00392049 1.89071e-23 0.0320693 0.00392049 2.84065e-16 -0.0367464 0.00392049 7.05738e-21 -0.108884 0.0247954 1.12666e-05
SNP59 0.0277273 0.00326167 1.8801e-17 -0.0254133 0.00326167 6.62141e-15 0.0129163 0.00326167 7.49413e-05 0.125061 0.0206286 1.34028e-09
SNP60 -0.0306937 0.00341199 2.3449e-19 0.0278099 0.00341199 3.62044e-16 -0.0383629 0.00341199 2.49197e-29 -0.0328436 0.0215793 0.128011
SNP61 -0.0423898 0.00321117 8.68699e-40 0.0337836 0.00321117 6.93936e-26 -0.0269537 0.00321117 4.70976e-17 -0.0594831 0.0203092 0.00340191
SNP62 -0.033104 0.00317149 1.66302e-25 0.0343148 0.00317149 2.77501e-27 -0.0364008 0.00317149 1.71167e-30 -0.0561176 0.0200583 0.00514636
SNP63 0.0303991 0.00363335 5.92659e-17 -0.0252968 0.00363335 3.34546e-12 0.0137659 0.00363335 0.000151405 0.140922 0.0229793 8.64737e-10
SNP64 0.0170079 0.00346143 8.9441e-07 -0.0234148 0.00346143 1.33797e-11 0.0393541 0.00346143 5.94435e-30 -0.101339 0.021892 3.67362e-06
SNP65 0.0341695 0.00316287 3.31975e-27 -0.0266535 0.00316287 3.54588e-17 0.0333141 0.00316287 6.09317e-26 0.00378341 0.0200037 0.849987
SNP66 0.0357843 0.00320968 7.2528e-29 -0.0196377 0.00320968 9.45921e-10 0.0470844 0.00320968 1.01092e-48 0.0448777 0.0202998 0.0270535
SNP67 -0.0338572 0.00325759 2.65969e-25 0.0301993 0.00325759 1.85378e-20 -0.0365079 0.00325759 3.76672e-29 -0.0459117 0.0206028 0.0258527
SNP68 0.0295553 0.00335765 1.33936e-18 -0.0312391 0.00335765 1.35461e-20 0.0277202 0.00335765 1.50852e-16 0.0339491 0.0212356 0.10989
SNP69 -0.0245467 0.00326266 5.3318e-14 0.0180957 0.00326266 2.91784e-08 -0.0264816 0.00326266 4.79504e-16 -0.0418695 0.0206349 0.0424519
SNP70 -0.0371071 0.00316302 8.78545e-32 0.0361485 0.00316302 3.01374e-30 -0.0296106 0.00316302 7.86336e-21 -0.0543092 0.0200047 0.00663117
SNP71 -0.0187239 0.00326537 9.80533e-09 0.0319674 0.00326537 1.24538e-22 -0.0156366 0.00326537 1.6795e-06 -0.0468267 0.020652 0.0233652
SNP72 -0.0436523 0.00338845 5.63562e-38 0.0407527 0.00338845 2.56535e-33 -0.0438893 0.00338845 2.27122e-38 -0.0310305 0.0214305 0.147628
SNP73 -0.0274062 0.0031875 8.10884e-18 0.0186974 0.0031875 4.46861e-09 -0.0458382 0.0031875 6.84811e-47 0.0409316 0.0201595 0.0423175
SNP74 0.0216949 0.0032109 1.41232e-11 -0.026379 0.0032109 2.11405e-16 0.0391232 0.0032109 3.76009e-34 -0.0270302 0.0203075 0.183176
SNP75 0.0341004 0.00350063 2.01124e-22 -0.0291569 0.00350063 8.15007e-17 0.0459207 0.00350063 2.60243e-39 -0.00756884 0.0221399 0.732453
SNP76 0.0229432 0.00335408 7.89798e-12 -0.0337127 0.00335408 9.06934e-24 0.0197599 0.00335408 3.83112e-09 0.0217811 0.021213 0.304525
SNP77 -0.0466631 0.00316268 2.88808e-49 0.0531283 0.00316268 2.50351e-63 -0.0206118 0.00316268 7.1644e-11 -0.187986 0.0200026 5.55513e-21
SNP78 0.0218875 0.00316437 4.61838e-12 -0.0115521 0.00316437 0.000261547 0.0193661 0.00316437 9.35597e-10 0.0449114 0.0200133 0.0248273
SNP79 0.0198465 0.00533586 0.000199645 -0.00305092 0.00533586 0.567474 0.0279985 0.00533586 1.54409e-07 -0.0950888 0.033747 0.00483688
SNP80 -0.0185031 0.00319879 7.27647e-09 0.0257222 0.00319879 8.89353e-16 -0.041026 0.00319879 1.18068e-37 0.0470953 0.0202309 0.019918
SNP81 -0.0337579 0.00319074 3.69121e-26 0.0343774 0.00319074 4.56254e-27 -0.0337299 0.00319074 4.0537e-26 -0.0661791 0.02018 0.00104016
SNP82 -0.0264325 0.00339998 7.58505e-15 0.0177832 0.00339998 1.69162e-07 -0.0236596 0.00339998 3.4331e-12 0.0226155 0.0215033 0.292927
SNP83 0.0181641 0.0031921 1.26779e-08 -0.0230512 0.0031921 5.14817e-13 0.0347184 0.0031921 1.49408e-27 -0.0269826 0.0201886 0.181377
SNP84 0.0189171 0.00318028 2.70994e-09 -0.0299733 0.00318028 4.31065e-21 0.0101107 0.00318028 0.0014769 0.0531861 0.0201138 0.00818706
SNP85 -0.0336916 0.00320621 7.91563e-26 0.0304925 0.00320621 1.89877e-21 -0.0548997 0.00320621 1.00141e-65 0.07614 0.0202779 0.000173456
SNP86 -0.0309622 0.00448488 5.06676e-12 0.0280814 0.00448488 3.81675e-10 -0.0343504 0.00448488 1.87136e-14 0.0129665 0.0283649 0.647576
SNP87 -0.0237418 0.00335693 1.52208e-12 0.0348764 0.00335693 2.77151e-25 -0.0303569 0.00335693 1.5235e-19 0.00408314 0.0212311 0.847492
SNP88 0.0411626 0.00376982 9.35281e-28 -0.0430804 0.00376982 3.03995e-30 0.0353197 0.00376982 7.31667e-21 0.0923144 0.0238424 0.000108009
SNP89 -0.0230483 0.00316329 3.18851e-13 0.0298772 0.00316329 3.55472e-21 -0.0179081 0.00316329 1.50298e-08 -0.0793975 0.0200064 7.22946e-05
SNP90 0.021416 0.00331386 1.02948e-10 -0.0246825 0.00331386 9.45858e-14 0.0565023 0.00331386 3.47957e-65 -0.112539 0.0209587 7.89241e-08
SNP91 -0.0359832 0.00330094 1.14141e-27 0.033124 0.00330094 1.07271e-23 -0.0327167 0.00330094 3.71653e-23 -0.0099611 0.020877 0.633267
SNP92 -0.0216494 0.00316243 7.60496e-12 0.023479 0.00316243 1.13343e-13 -0.00891372 0.00316243 0.00482299 -0.121361 0.020001 1.29723e-09
SNP93 0.000130402 0.00317175 0.967205 0.0285821 0.00317175 2.03328e-19 -0.0207454 0.00317175 6.12451e-11 0.15039 0.0200599 6.52692e-14
SNP94 0.0288952 0.0035248 2.45059e-16 -0.0290612 0.0035248 1.65488e-16 0.0121535 0.0035248 0.000564786 0.117656 0.0222928 1.3078e-07
SNP95 0.0180234 0.00338421 1.00552e-07 -0.0186848 0.00338421 3.3679e-08 0.0107467 0.00338421 0.00149562 0.0473838 0.0214037 0.0268414
SNP96 -0.0333489 0.00316361 5.56722e-26 0.0233427 0.00316361 1.60093e-13 -0.0276086 0.00316361 2.61735e-18 -0.00775159 0.0200084 0.698448
SNP97 0.0309055 0.00316573 1.63048e-22 -0.0350404 0.00316573 1.78004e-28 0.022534 0.00316573 1.0943e-12 0.087283 0.0200218 1.30425e-05
SNP98 -0.0367703 0.00339244 2.25209e-27 0.0235682 0.00339244 3.7245e-12 -0.0279354 0.00339244 1.8017e-16 -0.0828611 0.0214557 0.000112478
SNP99 0.0125172 0.00381049 0.00102012 -0.0132516 0.00381049 0.000505799 0.0134294 0.00381049 0.000424579 0.0152792 0.0240997 0.52608
SNP100 0.037922 0.00322542 6.48268e-32 -0.0336093 0.00322542 2.00645e-25 0.0301878 0.00322542 8.02337e-21 0.0767456 0.0203993 0.000168452
SNP101 -0.027864 0.0033468 8.39202e-17 0.0265193 0.0033468 2.30401e-15 -0.0350484 0.0033468 1.15873e-25 0.00619172 0.021167 0.769891
SNP102 0.0109812 0.00329573 0.000862383 -0.0261628 0.00329573 2.04845e-15 0.0188764 0.00329573 1.019e-08 -0.00462908 0.020844 0.82425
SNP103 0.0327356 0.0033668 2.40426e-22 -0.0337705 0.0033668 1.12e-23 0.0513561 0.0033668 1.55547e-52 -0.0446812 0.0212935 0.0358744
SNP104 -0.0329699 0.00372991 9.62789e-19 0.0302227 0.00372991 5.37079e-16 -0.0397706 0.00372991 1.52237e-26 -0.01336 0.02359 0.571161
SNP105 0.0459125 0.00322669 6.05497e-46 -0.0538291 0.00322669 1.75853e-62 0.0391378 0.00322669 7.37991e-34 0.127023 0.0204074 4.83566e-10
SNP106 0.0318986 0.00331123 5.77622e-22 -0.0212053 0.00331123 1.51321e-10 0.0475438 0.00331123 9.44525e-47 -0.0503395 0.0209421 0.0162278
SNP107 0.0413776 0.00335326 5.5489e-35 -0.0343247 0.00335326 1.36496e-24 0.0405972 0.00335326 9.72365e-34 0.0851021 0.0212079 6.00144e-05
SNP108 -0.0330109 0.00322681 1.45225e-24 0.0298078 0.00322681 2.52224e-20 -0.0409145 0.00322681 7.67704e-37 -0.0326708 0.0204081 0.109405
SNP109 0.0151499 0.00316563 1.70354e-06 -0.0281075 0.00316563 6.74843e-19 0.0313803 0.00316563 3.66258e-23 0.0258796 0.0200212 0.196147
SNP110 0.0299686 0.00316349 2.71227e-21 -0.0351626 0.00316349 1.05901e-28 0.0363615 0.00316349 1.41253e-30 0.0245127 0.0200077 0.220514
SNP111 -0.0625074 0.00334876 9.38721e-78 0.0551718 0.00334876 5.52098e-61 -0.0282344 0.00334876 3.418e-17 -0.258464 0.0211794 2.97513e-34
SNP112 -0.0282498 0.0031624 4.14483e-19 0.0351041 0.0031624 1.24815e-28 -0.0397033 0.0031624 3.74067e-36 -0.00488649 0.0200008 0.806987
SNP113 -0.0262639 0.00325086 6.52615e-16 0.0203945 0.00325086 3.52831e-10 -0.0218415 0.00325086 1.83388e-11 -0.00945878 0.0205602 0.645479
SNP114 0.0164267 0.00533962 0.00209525 -0.0234346 0.00533962 1.13973e-05 0.020154 0.00533962 0.000160374 0.0786754 0.0337707 0.0198224
SNP115 -0.0397957 0.00318898 9.70113e-36 0.0233556 0.00318898 2.40975e-13 -0.0201647 0.00318898 2.56136e-10 -0.0781421 0.0201689 0.00010689
SNP116 0.0507141 0.00326837 2.67653e-54 -0.0507599 0.00326837 2.15188e-54 0.0426389 0.00326837 6.70329e-39 0.13292 0.020671 1.27358e-10
SNP117 0.0357799 0.00321731 9.90718e-29 -0.0443192 0.00321731 3.59193e-43 0.038015 0.00321731 3.23478e-32 0.0111052 0.020348 0.585229
SNP118 -0.0202827 0.00384097 1.28737e-07 0.0235787 0.00384097 8.31716e-10 -0.0364774 0.00384097 2.1616e-21 0.022538 0.0242924 0.353523
SNP119 0.0162952 0.00453999 0.00033162 -0.0275878 0.00453999 1.22739e-09 0.027513 0.00453999 1.36001e-09 -0.0446866 0.0287134 0.119637
SNP120 0.0371068 0.00322674 1.32256e-30 -0.0272673 0.00322674 2.90256e-17 0.0405277 0.00322674 3.5055e-36 0.0186743 0.0204077 0.360159
SNP121 -0.0333317 0.00340042 1.10124e-22 0.0437292 0.00340042 7.56421e-38 -0.0353957 0.00340042 2.25057e-25 -0.0766186 0.0215062 0.000367147
SNP122 0.0198424 0.00317851 4.30132e-10 -0.0227412 0.00317851 8.38622e-13 0.0339714 0.00317851 1.16015e-26 -0.0199301 0.0201026 0.321482
SNP123 0.0211174 0.00328344 1.26347e-10 -0.0222193 0.00328344 1.31409e-11 0.021152 0.00328344 1.17885e-10 0.062076 0.0207663 0.00279646
SNP124 0.0204041 0.00318805 1.55191e-10 -0.019414 0.00318805 1.13188e-09 0.012671 0.00318805 7.05177e-05 0.0577089 0.020163 0.00420819
SNP125 -0.0309084 0.00376463 2.20809e-16 0.0218643 0.00376463 6.32843e-09 -0.0342899 0.00376463 8.35683e-20 -0.064909 0.0238096 0.00640736
SNP126 0.0431199 0.00334364 4.73584e-38 -0.0361516 0.00334364 3.01921e-27 0.0501186 0.00334364 8.63839e-51 0.00215031 0.0211471 0.919008
SNP127 -0.0329168 0.00317026 2.96381e-25 0.045597 0.00317026 6.64479e-47 -0.016999 0.00317026 8.22938e-08 -0.124031 0.0200505 6.17375e-10
SNP128 -0.0251875 0.0045801 3.81244e-08 0.017176 0.0045801 0.000176744 -0.0297459 0.0045801 8.32592e-11 -0.0751494 0.0289671 0.00947827
SNP129 0.0363175 0.00325953 7.83735e-29 -0.0303755 0.00325953 1.17445e-20 0.039861 0.00325953 2.17412e-34 0.0430143 0.0206151 0.0369291
SNP130 -0.00804552 0.00340253 0.0180511 0.011516 0.00340253 0.00071299 -0.032039 0.00340253 4.67678e-21 0.105219 0.0215195 1.01116e-06
SNP131 -0.0524434 0.00333665 1.14997e-55 0.0393369 0.00333665 4.43157e-32 -0.0233174 0.00333665 2.78342e-12 -0.215812 0.0211029 1.50602e-24
SNP132 0.036276 0.00316443 2.00814e-30 -0.0336462 0.00316443 2.10098e-26 0.0274544 0.00316443 4.10147e-18 0.0708388 0.0200136 0.000400842
SNP133 0.0118829 0.00323724 0.000241891 -0.0152538 0.00323724 2.45346e-06 0.00600036 0.00323724 0.0638049 0.0442475 0.0204741 0.0306842
SNP134 -0.0250681 0.00316827 2.52817e-15 0.0289066 0.00316827 7.25593e-20 -0.0258929 0.00316827 3.01906e-16 -0.0503353 0.0200379 0.012005
SNP135 0.040143 0.00434504 2.49254e-20 -0.028875 0.00434504 3.02178e-11 0.0474424 0.00434504 9.37658e-28 0.0529481 0.0274804 0.0540098
SNP136 0.0158769 0.00327724 1.26871e-06 -0.0201138 0.00327724 8.38784e-10 0.0137723 0.00327724 2.64104e-05 0.0666776 0.0207271 0.00129569
SNP137 -0.0390935 0.00334783 1.66544e-31 0.0182608 0.00334783 4.91072e-08 -0.0267176 0.00334783 1.45657e-15 -0.0839211 0.0211735 7.38621e-05
SNP138 -0.0326668 0.00316517 5.67985e-25 0.0521884 0.00316517 4.44893e-61 -0.0218434 0.00316517 5.15771e-12 -0.0742735 0.0200183 0.000207028
SNP139 0.0251237 0.00326841 1.50823e-14 -0.0313577 0.00326841 8.45871e-22 0.0335704 0.00326841 9.50536e-25 -0.0306521 0.0206713 0.138117
SNP140 -0.0119987 0.00331611 0.000296533 0.0121511 0.00331611 0.000248064 -0.0111793 0.00331611 0.000748434 -0.0348136 0.0209729 0.096929
SNP141 -0.0289271 0.00316879 6.9292e-20 0.0187353 0.00316879 3.37066e-09 -0.0326819 0.00316879 6.11e-25 -0.0491872 0.0200412 0.0141156
SNP142 -0.0294855 0.0031629 1.13834e-20 0.0305629 0.0031629 4.33238e-22 -0.0357461 0.0031629 1.28701e-29 -0.0924616 0.0200039 3.79742e-06
SNP143 -0.0283131 0.00317813 5.16192e-19 0.0356812 0.00317813 3.00162e-29 -0.0355984 0.00317813 4.02956e-29 -0.0409645 0.0201003 0.0415492
SNP144 -0.0157818 0.00340053 3.46775e-06 0.0244397 0.00340053 6.6213e-13 -0.0364699 0.00340053 7.78937e-27 0.0554914 0.0215068 0.00987504
SNP145 0.0285371 0.00357143 1.34508e-15 -0.0294162 0.00357143 1.77284e-16 0.0352305 0.00357143 5.93072e-23 -0.0546131 0.0225877 0.0156135
SNP146 -0.0188718 0.00318373 3.0745e-09 0.0155921 0.00318373 9.70955e-07 -0.0243335 0.00318373 2.1206e-14 0.00517795 0.0201357 0.79706
SNP147 -0.0394518 0.00316788 1.33472e-35 0.0321251 0.00316788 3.638e-24 -0.0295904 0.00316788 9.56468e-21 -0.106762 0.0200354 9.8937e-08
SNP148 -0.0472378 0.00318148 7.19383e-50 0.0444728 0.00318148 2.10365e-44 -0.038454 0.00318148 1.23986e-33 -0.084155 0.0201214 2.88505e-05
SNP149 0.0294838 0.00324475 1.02148e-19 -0.035584 0.00324475 5.52794e-28 0.032856 0.00324475 4.24032e-24 0.089261 0.0205216 1.36375e-05
SNP150 -0.0404951 0.00319637 8.77225e-37 0.0405629 0.00319637 6.69291e-37 -0.0307172 0.00319637 7.25164e-22 -0.0262634 0.0202156 0.193887
SNP151 0.0406625 0.00319839 4.97896e-37 -0.0421414 0.00319839 1.20906e-39 0.0402995 0.00319839 2.11262e-36 0.003955 0.0202284 0.844988
SNP152 0.0300145 0.00319658 6.0248e-21 -0.0314299 0.00319658 8.16916e-23 0.0191242 0.00319658 2.1944e-09 0.117222 0.0202169 6.70357e-09
SNP153 0.0450387 0.00317318 1.00462e-45 -0.0360226 0.00317318 7.23209e-30 0.0273334 0.00317318 7.06278e-18 0.11906 0.020069 2.98321e-09
SNP154 0.0348539 0.00318908 8.36309e-28 -0.025334 0.00318908 1.95765e-15 0.0311061 0.00318908 1.77427e-22 0.00907972 0.0201695 0.652587
SNP155 -0.0185463 0.0033386 2.77401e-08 0.0210675 0.0033386 2.78522e-10 -0.031904 0.0033386 1.22274e-21 0.0181812 0.0211151 0.38921
SNP156 0.030676 0.00377462 4.40409e-16 -0.015628 0.00377462 3.4687e-05 0.0378163 0.00377462 1.26341e-23 0.0819448 0.0238728 0.000597917
SNP157 0.0397902 0.00316304 2.72879e-36 -0.0278571 0.00316304 1.28439e-18 0.0430172 0.00316304 4.00564e-42 0.0156201 0.0200048 0.43491
SNP158 -0.0407595 0.00353565 9.51638e-31 0.0390264 0.00353565 2.50647e-28 -0.0273851 0.00353565 9.52564e-15 -0.110918 0.0223614 7.04086e-07
SNP159 -0.0214791 0.00325786 4.3104e-11 0.0418295 0.00325786 9.84451e-38 -0.0296751 0.00325786 8.33311e-20 0.0361527 0.0206045 0.0793277
SNP160 0.0164624 0.0031666 2.006e-07 -0.0123945 0.0031666 9.07301e-05 0.0269791 0.0031666 1.59668e-17 -0.0183028 0.0200273 0.360773
SNP161 0.0392995 0.00322508 3.70999e-34 -0.0211297 0.00322508 5.68922e-11 0.0369308 0.00322508 2.32138e-30 0.0872801 0.0203972 1.87717e-05
SNP162 -0.0213021 0.00327311 7.60535e-11 0.0199135 0.00327311 1.1725e-09 -0.0457569 0.00327311 2.07558e-44 0.0539676 0.020701 0.00913364
SNP163 -0.0275118 0.00317657 4.68263e-18 0.0222559 0.00317657 2.44742e-12 -0.025026 0.00317657 3.31777e-15 0.0309654 0.0200904 0.123243
SNP164 -0.0471407 0.00366047 5.96126e-38 0.0447124 0.00366047 2.58681e-34 -0.0429703 0.00366047 8.04269e-32 -0.0686602 0.0231508 0.0030192
SNP165 -0.0502455 0.0031877 5.65552e-56 0.0446924 0.0031877 1.17171e-44 -0.0355095 0.0031877 8.05386e-29 -0.155742 0.0201608 1.11851e-14
SNP166 0.0287914 0.00337999 1.62064e-17 -0.0205619 0.00337999 1.1765e-09 0.00818381 0.00337999 0.0154672 0.115714 0.0213769 6.19611e-08
SNP167 -0.0322939 0.00368272 1.802e-18 0.0363416 0.00368272 5.72154e-23 -0.027064 0.00368272 1.99831e-13 -0.0515428 0.0232916 0.0269019
SNP168 -0.0220245 0.00328469 2.01146e-11 0.0216841 0.00328469 4.06834e-11 -0.0274757 0.00328469 6.0227e-17 0.00144137 0.0207742 0.944685
SNP169 0.0386043 0.00316234 2.83477e-34 -0.0371051 0.00316234 8.59021e-32 0.0236242 0.00316234 7.99102e-14 0.0956556 0.0200004 1.7297e-06
SNP170 0.0361944 0.00316231 2.47459e-30 -0.034644 0.00316231 6.26742e-28 0.0422695 0.00316231 9.47121e-41 0.00206405 0.0200002 0.917803
SNP171 -0.0254376 0.00317827 1.20834e-15 0.0308373 0.00317827 2.94069e-22 -0.0256868 0.00317827 6.37008e-16 -0.0531984 0.0201011 0.00813206
SNP172 -0.03498 0.0034779 8.4879e-24 0.0451391 0.0034779 1.61332e-38 -0.00875601 0.0034779 0.0118153 -0.214316 0.0219962 1.97016e-22
SNP173 0.0382622 0.00319383 4.52116e-33 -0.0270083 0.00319383 2.75809e-17 0.0400804 0.00319383 4.00964e-36 0.0245406 0.0201996 0.224401
SNP174 0.014928 0.0034649 1.64465e-05 -0.0126861 0.0034649 0.000250931 0.044131 0.0034649 3.70226e-37 -0.0751091 0.0219139 0.000609262
SNP175 0.0306219 0.00388976 3.47747e-15 -0.0231175 0.00388976 2.79539e-09 0.0244618 0.00388976 3.20009e-10 0.0505982 0.024601 0.0397098
SNP176 0.0166701 0.00329535 4.22143e-07 -0.0324404 0.00329535 7.25397e-23 0.0261581 0.00329535 2.05649e-15 -0.0203757 0.0208416 0.328248
SNP177 0.0140134 0.00326548 1.77579e-05 -0.0156514 0.00326548 1.64318e-06 0.0248051 0.00326548 3.05109e-14 0.0158946 0.0206527 0.44153
SNP178 -0.0165644 0.00316314 1.63475e-07 0.0231481 0.00316314 2.51559e-13 -0.0197886 0.00316314 3.9498e-10 -0.0260967 0.0200055 0.192071
SNP179 0.0222002 0.00341391 7.87984e-11 -0.00685924 0.00341391 0.0445155 0.0299479 0.00341391 1.75046e-18 0.0322553 0.0215915 0.135203
SNP180 0.0438188 0.00316589 1.44365e-43 -0.0308574 0.00316589 1.90319e-22 0.0341064 0.00316589 4.61277e-27 0.103591 0.0200229 2.29605e-07
SNP181 -0.0269471 0.00326294 1.47479e-16 0.0257965 0.00326294 2.66042e-15 -0.0374911 0.00326294 1.48162e-30 -0.00786291 0.0206367 0.703191
SNP182 -0.0241905 0.00327549 1.52106e-13 0.0258374 0.00327549 3.06815e-15 -0.0332084 0.00327549 3.72971e-24 -0.00443007 0.020716 0.830666
SNP183 0.0338525 0.0033517 5.51826e-24 -0.0217737 0.0033517 8.23129e-11 0.0379031 0.0033517 1.18938e-29 -0.015672 0.021198 0.459717
SNP184 0.0324529 0.00333275 2.08503e-22 -0.0349076 0.00333275 1.1361e-25 0.0424628 0.00333275 3.49601e-37 -0.0101185 0.0210782 0.631195
SNP185 0.0162782 0.00356838 5.07158e-06 -0.0152888 0.00356838 1.83122e-05 0.0201282 0.00356838 1.69356e-08 0.0414971 0.0225684 0.0659558
SNP186 -0.023417 0.00319482 2.30712e-13 0.0158611 0.00319482 6.88327e-07 -0.0209173 0.00319482 5.86057e-11 -0.062226 0.0202058 0.00207277
SNP187 0.0269395 0.00319602 3.48421e-17 -0.0215712 0.00319602 1.48464e-11 0.0332116 0.00319602 2.70935e-25 0.00426736 0.0202134 0.832797
SNP188 -0.0436967 0.0039558 2.28628e-28 0.0502626 0.0039558 5.4728e-37 -0.0282683 0.0039558 8.93268e-13 -0.144396 0.0250187 7.85651e-09
SNP189 -0.0240939 0.00321044 6.14926e-14 0.038849 0.00321044 1.04543e-33 -0.0198571 0.00321044 6.20325e-10 -0.00264011 0.0203046 0.896546
SNP190 0.0388652 0.00425598 6.7296e-20 -0.0314233 0.00425598 1.54361e-13 0.0205507 0.00425598 1.37444e-06 0.162362 0.0269172 1.62012e-09
SNP191 -0.0296274 0.00316604 8.13611e-21 0.030621 0.00316604 3.97668e-22 -0.0256586 0.00316604 5.30331e-16 -0.00767182 0.0200238 0.701619
SNP192 0.0290642 0.00445233 6.67126e-11 -0.0309853 0.00445233 3.41884e-12 0.028123 0.00445233 2.67611e-10 0.0493025 0.028159 0.0799698
SNP193 0.0418739 0.00317904 1.27382e-39 -0.0414279 0.00317904 8.09286e-39 0.0199275 0.00317904 3.64764e-10 0.192552 0.020106 1.00063e-21
SNP194 -0.0435965 0.00328898 4.20313e-40 0.0318337 0.00328898 3.70699e-22 -0.0324165 0.00328898 6.45071e-23 -0.101635 0.0208013 1.02907e-06
SNP195 -0.0402391 0.0032018 3.18098e-36 0.0423443 0.0032018 6.2831e-40 -0.0152331 0.0032018 1.95838e-06 -0.154742 0.02025 2.14583e-14
SNP196 0.0197864 0.00324324 1.05544e-09 -0.0266659 0.00324324 2.00155e-16 0.0275478 0.00324324 1.99819e-17 -0.0422996 0.0205121 0.0391906
SNP197 -0.020826 0.00317085 5.10082e-11 0.0278991 0.00317085 1.38529e-18 -0.0289866 0.00317085 6.15512e-20 -0.0163683 0.0200542 0.414386
SNP198 0.0406573 0.00319128 3.53835e-37 -0.0304333 0.00319128 1.47872e-21 0.0462654 0.00319128 1.25751e-47 0.018253 0.0201834 0.365807
SNP199 -0.0354991 0.00327112 1.94531e-27 0.050563 0.00327112 6.72758e-54 -0.0207345 0.00327112 2.31807e-10 -0.077358 0.0206884 0.000184611
SNP200 -0.0315369 0.00318402 3.97067e-23 0.0307469 0.00318402 4.60862e-22 -0.023849 0.00318402 6.87724e-14 -0.034699 0.0201375 0.0848705
